                                                                
      __   __     _        __  __       ____      U  ___  u     
      \ \ / / U  /"\  U u |" \/ "| u U | __") u    \/"_ \/      
       \ V /   \/ _ \/   \| |\/| |/   \|  _ \/     | | | |      
      U_|"|_u  / ___ \    | |  | |     | |_) | .-,_| |_| |      
        |_|   /_/   \_\   |_|  |_|     |____/   \_)-\___/       
    .-,//|(_   \\    >>  <<,-,,-.     _|| \\_        \\         
     \_) (__) (__)  (__)  (./  \.)   (__) (__)      (__)        
                                                                
                                                                
                  Version 4.0.2 Revision 5739                   
                           MPI Build                            
                   http://www.yambo-code.org                    
 
 07/08/2016 at 11:36 YAMBO_SC @ anomaly

 [01] CPU structure, Files & I/O Directories
 ===========================================

 * CPU             : 1
 * THREADS    (max): 1
 * THREADS TOT(max): 1
 * I/O NODES       : 1
 * Fragmented WFs  :no

 CORE databases in   .
 Additional I/O in   .
 Communications in   .
 Input file     is   yambo.in
 Report file    is   ./r-00_init_setup
 Job string(main): 00_init
 Log files      in ./LOG
  
 [RD./SAVE//ns.db1]------------------------------------------
  Bands                           : 10
  K-points                        : 2
  G-vectors             [RL space]:  3413
  Components       [wavefunctions]: 2834
  Symmetries             [spatial]: 12
  Spinor components               : 1
  Spin polarizations              : 1
  Temperature                 [ev]: 0.000000
  Electrons                       : 16.00000
  WF G-vectors                    :  3311
  Max atoms/species               : 2
  No. of atom species             : 2
  Exact exchange fraction in XC   : 0.000000
  Magnetic symmetries             : no
 - S/N 001964 --------------------------- v.03.04.00 r.3093 -

 [02] CORE Variables Setup
 =========================


  [02.01] Unit cells
  ==================

  Unit cell is HCP

  ... containing 2B2N atoms

  ... with scaling factors [a.u.]:  4.71637   4.08450  12.17584

  Direct Lattice(DL) unit cell [iru  /  cc(a.u.)]
  A1 = 1.000000  0.000000  0.000000      4.716373  0.000000  0.000000
  A2 =-0.500000  1.000000  0.000000     -2.358186  4.084499  0.000000
  A3 = 0.000000  0.000000  1.000000      0.000000  0.000000  12.17584

  DL volume [au]: 234.5556

  Reciprocal Lattice(RL) unit cell [iku  /  cc]
  B1 = 1.000000  0.500000  0.000000      1.332207  0.769150 -0.000000
  B2 = 0.000000  1.000000  0.000000      0.000000  1.538300  0.000000
  B3 = 0.000000  0.000000  1.000000      0.000000 -0.000000  0.516037


  [02.02] Symmetries
  ==================

  DL (S)ymmetries [cc]
  [S1] 1.000000  0.000000  0.000000  0.000000  1.000000  0.000000  0.000000  0.000000  1.000000
  [S2] 0.500000 -0.866025  0.000000 -0.866025 -0.500000  0.000000  0.000000  0.000000 -1.000000
  [S3]-0.500000 -0.866025  0.000000  0.866025 -0.500000  0.000000  0.000000  0.000000 -1.000000
  [S4]-1.000000  0.000000  0.000000  0.000000  1.000000  0.000000  0.000000  0.000000  1.000000
  [S5]-0.500000  0.866025  0.000000 -0.866025 -0.500000  0.000000  0.000000  0.000000  1.000000
  [S6] 0.500000  0.866025  0.000000  0.866025 -0.500000  0.000000  0.000000  0.000000 -1.000000
  [S7] 1.000000  0.000000  0.000000  0.000000  1.000000  0.000000  0.000000  0.000000 -1.000000
  [S8] 0.500000 -0.866025  0.000000 -0.866025 -0.500000  0.000000  0.000000  0.000000  1.000000
  [S9]-0.500000 -0.866025  0.000000  0.866025 -0.500000  0.000000  0.000000  0.000000  1.000000
  [S10]-1.000000  0.000000  0.000000  0.000000  1.000000  0.000000  0.000000  0.000000 -1.000000
  [S11]-0.500000  0.866025  0.000000 -0.866025 -0.500000  0.000000  0.000000  0.000000 -1.000000
  [S12] 0.500000  0.866025  0.000000  0.866025 -0.500000  0.000000  0.000000  0.000000  1.000000

  [SYMs] K-space Time-reversal not included

  [WARNING]Spatial Inversion not found among the given symmetry list
  [SYMs] Group table built correctly

  [02.03] RL shells
  =================

  Shells, format: [S#] G_RL(mHa)

   [S227]:3413(0.4668E+5) [S226]:3389(0.4628E+5) [S225]:3365(0.4614E+5) [S224]:3353(0.4592E+5)
   [S223]:3341(0.4591E+5) [S222]:3317(0.4520E+5) [S221]:3293(0.4498E+5) [S220]:3269(0.4472E+5)
   [S219]:3257(0.4431E+5) [S218]:3233(0.4402E+5) [S217]:3209(0.4391E+5) [S216]:3185(0.4391E+5)
   [S215]:3161(0.4379E+5) [S214]:3149(0.4378E+5) [S213]:3137(0.4320E+5) [S212]:3113(0.4313E+5)
   [S211]:3101(0.4289E+5) [S210]:3089(0.4273E+5) [S209]:3077(0.4273E+5) [S208]:3065(0.4259E+5)
   [S207]:3059(0.4237E+5) [S206]:3035(0.4165E+5) [S205]:3011(0.4165E+5) [S204]:2987(0.4148E+5)
   [S203]:2963(0.4147E+5) [S202]:2939(0.4143E+5) [S201]:2927(0.4096E+5) [S200]:2903(0.4061E+5)
   ...
   [S12]:71( 3550.) [S11]:65( 3329.) [S10]:63( 3314.) [S9]:51( 2382.)
   [S8]:39( 2130.) [S7]:37( 1716.) [S6]:25( 1316.) [S5]:13( 1198.)
   [S4]:11( 1183.) [S3]:5( 532.5890) [S2]:3( 133.1472) [S1]:1( 0.000000)

  [02.04] K-grid lattice
  ======================

  Compatible Grid is 2D
  B1 [rlu]=0.5000    -.1490E-7  0.000   
  B2      =0.4470E-7 -.5000     0.000   
  Grid dimensions               : 2  2
  K lattice UC volume       [au]: 0.264383

  [02.05] Energies [ev] & Occupations
  ===================================

  Fermi Level        [ev]:  0.000000
  VBM / CBm          [ev]:  0.000000  4.439179
  Electronic Temp. [ev K]:  0.00      0.00    
  Bosonic    Temp. [ev K]:  0.00      0.00    
  El. density      [cm-3]: 0.460E+24
  States summary         : Full        Metallic    Empty
                           0001-0008               0009-0010
  Indirect Gaps      [ev]: 4.439179  5.342683
  Direct Gaps        [ev]: 4.439179  6.473190
  X BZ K-points :  4

  Energy unit is electronVolt [eV]

  *X* K [1] : 0.000000  0.000000  0.000000 ( cc) * Comp.s 2831 * weight  0.250000
              0.000000  0.000000  0.000000 (rlu)
  E -17.27438 -16.87790  -6.13629  -3.60287  -0.95313  -0.95313  -0.90350  -0.90350
  E   5.56969  10.82108
   
  *X* K [2] : 0.666104  0.384575  0.000000 ( cc) * Comp.s 2834 * weight  0.750000
              0.500000  0.250000  0.000000 (rlu)
  E -13.94090 -13.84870  -8.50880  -8.43081  -3.80045  -3.71434  -1.21991   0.00000
  E  4.439179  6.074031

 [03] Transferred momenta grid
 =============================


 IBZ Q-points : 2
 BZ  Q-points :  4

 Q [00001] : 0.00      0.00      0.00     (iku) * weight  0.250000
 Q [00002] : 0.500000  0.250000  0.000000 (iku) * weight  0.750000
  
 Q [00001] : 0.00      0.00      0.00     (cc ) * weight  0.250000
 Q [00002] : 0.666103  0.384575  0.000000 (cc ) * weight  0.750000

 :: Indices: polarization function
 :: Indices: Self-Energy

 [WR./SAVE//ndb.kindx]---------------------------------------
  Fragmentation                    :no
  Polarization last K   : 2
  QP states             : 1  2
  X grid is uniform     :yes
  BS scattering         :no
  COLL scattering       :no
 - S/N 001964 --------------------------- v.04.00.02 r.5739 -

 [04] External corrections
 =========================


 [05] Timing Overview
 ====================

 Routines: global (Only MASTER cpu here)
                io_WF :     0.00s CPU
                io_HF :     0.00s CPU
           io_DIPOLES :     0.00s CPU
     io_SC_components :     0.00s CPU (       5 calls,   0.000 s avg)
        io_COLLISIONS :     0.00s CPU (       2 calls,   0.000 s avg)

 [06] Game Over & Game summary
 =============================

 07/08/2016 at 11:36 YAMBO_SC @ anomaly [start]
 07/08/2016 at 11:36                    [end]

 Timing   [Min/Max/Average]: 01s/01s/01s
              [Time-Profile]:  1.248000s

 .-ACKNOWLEDGMENT
 |
 | The users of YAMBO have little formal obligations with respect to
 | the YAMBO group (those specified in the GNU General Public
 | License, http://www.gnu.org/copyleft/gpl.txt). However, it is
 | common practice in the scientific literature, to acknowledge the
 | efforts of people that have made the research possible. In this
 | spirit, please find below the reference we kindly ask you to use
 | in order to acknowledge YAMBO:
 |
 | Yambo: An ab initio tool for excited state calculations
 | A. Marini, C. Hogan, M. Gr\"uning, D. Varsano
 | Computer Physics Communications  180, 1392 (2009).
 |
  
 .-Input file : yambo.in
 | setup                        # [R INI] Initialization
 | BoseTemp= 0.000000     eV    # Bosonic Temperature
